0.000000000000000000e+00 0.000000000000000000e+00 3.557792197534572015e-12 0.000000000000000000e+00
1.000000000000000021e-02 7.624083446868087744e-12 5.906851144493643926e-13 5.217380040933838517e-12
2.000000000000000042e-02 9.933318098761556375e-12 4.904572592473262532e-13 6.273270807922544504e-12
5.000000000000000278e-02 1.170886467891357295e-12 3.744409084367732051e-13 2.071914818094702872e-11
1.000000000000000056e-01 4.435415343381696656e-12 1.449476145187671908e-13 7.729481747089734751e-12
2.500000000000000000e-01 5.327630103346038924e-12 3.908388666210446375e-13 7.297063997393652335e-12
5.000000000000000000e-01 3.647943583374023059e-12 5.396156332330303942e-12 8.147675672025452662e-12
7.500000000000000000e-01 4.292857247092876539e-12 7.149892878262433036e-12 5.079557821689385387e-11
9.000000000000000222e-01 9.694962534561793042e-12 9.720089868259693700e-12 3.835285823907193842e-11
9.499999999999999556e-01 3.650575819801647654e-12 3.207667333511132533e-11 1.687877155088383367e-11
9.799999999999999822e-01 2.658038257300719564e-12 9.033401774081729429e-11 2.997848152750595435e-11
9.899999999999999911e-01 1.150784539738910078e-11 9.520804949159884525e-11 6.907075705408438152e-11
1.000000000000000000e+00 1.800456741666191766e-11 0.000000000000000000e+00 0.000000000000000000e+00
