0.000000000000000000e+00 0.000000000000000000e+00 7.990133633672793313e-12 0.000000000000000000e+00
1.000000000000000021e-02 7.796482828329758859e-11 3.543108785190680904e-12 5.617937056330529736e-11
2.000000000000000042e-02 4.719274056380705425e-11 5.774024146142866942e-12 1.666962456865170184e-11
5.000000000000000278e-02 1.573357891758780324e-11 6.024704115830424549e-12 6.031294421765384018e-11
1.000000000000000056e-01 1.042481218340096053e-11 4.192887007973771299e-12 2.228722860328366241e-11
2.500000000000000000e-01 3.152987756349899502e-11 3.217055502984338498e-11 3.242588416461970196e-11
5.000000000000000000e-01 1.992425948749264208e-11 8.593271876160738436e-12 6.084571985182170826e-11
7.500000000000000000e-01 2.763506881726974861e-11 2.811514570203313053e-11 2.468748237702920238e-11
9.000000000000000222e-01 1.181509313927396081e-11 2.058271011819864446e-11 1.110696811000573315e-10
9.499999999999999556e-01 6.886142903585422076e-12 6.522718656352624811e-11 6.789812976458098474e-11
9.799999999999999822e-01 9.083020058836870078e-12 5.714334694000023691e-11 7.392207033757031527e-12
9.899999999999999911e-01 9.820259123914517601e-12 8.249609502293002878e-11 8.451876732474732643e-12
1.000000000000000000e+00 2.651627390838852290e-11 0.000000000000000000e+00 0.000000000000000000e+00
