0.000000000000000000e+00 0.000000000000000000e+00 3.557792197534572015e-12 0.000000000000000000e+00
1.000000000000000021e-02 4.072842106295125010e-12 8.341307720673936502e-13 4.218513846494056534e-12
2.000000000000000042e-02 8.242734772527584500e-12 1.405366276206505092e-12 1.066725016809984705e-11
5.000000000000000278e-02 3.046014506523715033e-12 1.460923557692137732e-12 1.217676645507403371e-11
1.000000000000000056e-01 2.659985886885634528e-12 1.206965875047395568e-12 1.057526701247889228e-11
2.500000000000000000e-01 1.607026631081867406e-12 1.152891892467203450e-12 2.679069601922711525e-11
5.000000000000000000e-01 8.832594149815415942e-12 4.962868839322611268e-12 1.754766564761446443e-11
7.500000000000000000e-01 1.103390752853762931e-11 1.427647360622723185e-11 8.738126820505026226e-11
9.000000000000000222e-01 5.779383417833933531e-12 1.578321865062518486e-11 2.314729775339078584e-11
9.499999999999999556e-01 4.992410675522821077e-12 1.738778164626575269e-11 7.136572308103552690e-12
9.799999999999999822e-01 1.297131687071235122e-11 5.811614390979238606e-11 3.009972464188481451e-11
9.899999999999999911e-01 1.229242265926418189e-11 6.400491184953071920e-11 2.138615151292283406e-11
1.000000000000000000e+00 2.651627390838852290e-11 0.000000000000000000e+00 0.000000000000000000e+00
