0.000000000000000000e+00 0.000000000000000000e+00 4.484454924319404634e-11 0.000000000000000000e+00
1.000000000000000021e-02 1.265718412085376658e-10 6.647033638732962666e-12 6.059050075987534178e-11
2.000000000000000042e-02 1.427881991383149410e-11 7.062517536501088809e-12 1.292505318412753008e-10
5.000000000000000278e-02 3.952985896363660468e-11 2.769672040750475905e-12 1.361433671057275307e-10
1.000000000000000056e-01 2.499703571855610938e-11 6.766113349652355587e-12 5.485356341707197904e-11
2.500000000000000000e-01 1.006854527275773797e-11 4.359091731785825374e-12 2.550042540696314419e-11
5.000000000000000000e-01 2.075436329164564819e-11 2.323124024289549477e-11 1.911840455218086250e-12
7.500000000000000000e-01 1.893065963262133341e-11 8.588668766833401813e-12 1.028906063756529540e-10
9.000000000000000222e-01 1.532086525905766205e-11 3.135773283788370753e-11 3.316651173457967762e-11
9.499999999999999556e-01 4.251270873007269417e-11 3.393710036906583726e-11 1.542353373610051860e-10
9.799999999999999822e-01 2.259342751166550599e-11 3.701414746912023291e-11 6.789469406708876111e-11
9.899999999999999911e-01 1.449881044769174922e-11 1.894648337223135778e-10 1.108838632541670854e-10
1.000000000000000000e+00 5.019910120135672153e-11 0.000000000000000000e+00 0.000000000000000000e+00
