0.000000000000000000e+00 0.000000000000000000e+00 9.060178960967409858e-11 0.000000000000000000e+00
1.000000000000000021e-02 2.585825454426702698e-10 7.255401907605301559e-12 1.725752375874878309e-11
2.000000000000000042e-02 1.297333066727918066e-10 1.637077622678779467e-11 1.300281123090727382e-10
5.000000000000000278e-02 8.079402518679018094e-12 1.430574613228241843e-11 1.139530736090678206e-10
1.000000000000000056e-01 4.725027304643701575e-11 1.092203408115851959e-11 2.381289077889185510e-10
2.500000000000000000e-01 6.557524060269365584e-11 2.700602805962620318e-11 1.281083663155025420e-10
5.000000000000000000e-01 2.276594785769683918e-11 1.990983522229042125e-11 3.506318639384327905e-10
7.500000000000000000e-01 2.064848034528571137e-11 1.788994590376364935e-11 7.908904778404037209e-11
9.000000000000000222e-01 2.216151747560179532e-11 3.556623728810869928e-11 3.204869719862317660e-10
9.499999999999999556e-01 2.619920452865544145e-12 5.645682634391009901e-11 5.693329581800299811e-11
9.799999999999999822e-01 1.521552476100091417e-11 8.187713183449761706e-11 3.509459642243319866e-11
9.899999999999999911e-01 1.845790453215495208e-11 2.387542341963587487e-10 8.136416542048442793e-11
1.000000000000000000e+00 5.019910120135672153e-11 0.000000000000000000e+00 0.000000000000000000e+00
