0.000000000000000000e+00 2.182894954021224265e+01 0.000000000000000000e+00 2.182894954021224265e+01 0.000000000000000000e+00
1.000000000000000021e-02 2.186492977555564110e+01 3.058433114601351477e+01 2.179093451228706257e+01 2.331957192148325575e+01
2.000000000000000042e-02 2.072957948959698271e+01 2.819995893477787163e+01 2.059978930121319252e+01 2.135776534879899557e+01
5.000000000000000278e-02 1.823329526632404196e+01 2.340065303253162909e+01 1.799541468659041143e+01 1.958267175910289382e+01
1.000000000000000056e-01 1.591620776896044021e+01 2.053361854390880481e+01 1.547204907285439823e+01 1.736239325247576559e+01
2.500000000000000000e-01 1.138118461526891423e+01 1.457164441363547702e+01 1.048126663555484406e+01 1.181668524387182728e+01
5.000000000000000000e-01 9.271459462126227180e+00 1.080707454937814660e+01 7.954045302925775829e+00 8.433501754506954384e+00
7.500000000000000000e-01 9.806181791525228064e+00 1.075792420076887090e+01 7.427015335492490600e+00 9.061217602861631804e+00
9.000000000000000222e-01 1.242701394853969532e+01 1.288594963664567139e+01 8.966438859685432305e+00 1.100193523451308586e+01
9.499999999999999556e-01 1.442740894618622605e+01 1.471400567403790838e+01 9.928402545635579557e+00 1.118945554025480682e+01
9.799999999999999822e-01 1.609562434438075940e+01 1.621598118916746856e+01 1.117308266853632048e+01 1.202354620633161453e+01
9.899999999999999911e-01 1.665771268850654252e+01 1.671602284273689776e+01 1.178620725727435037e+01 1.250400047532249737e+01
1.000000000000000000e+00 1.753312613857692526e+01 1.753312613857692526e+01 0.000000000000000000e+00 0.000000000000000000e+00
