0.000000000000000000e+00 0.000000000000000000e+00 1.716739762539310451e-09 0.000000000000000000e+00
1.000000000000000021e-02 1.847938371990554628e-09 1.708403085857225059e-09 1.886316242074523850e-09
2.000000000000000042e-02 1.981457304058497432e-09 1.697833436406498434e-09 1.985532726921220762e-09
5.000000000000000278e-02 1.934493973700651905e-09 1.715369217744301922e-09 1.921265524483453568e-09
1.000000000000000056e-01 1.960799667261859777e-09 1.718376609975281372e-09 1.950634584648969330e-09
2.500000000000000000e-01 2.072607298752257922e-09 1.787501553860949011e-09 1.991832812635419396e-09
5.000000000000000000e-01 1.931740743099222188e-09 1.693068721388917428e-09 1.865251566023148579e-09
7.500000000000000000e-01 1.929264744652674675e-09 1.698770290633859784e-09 1.742755507118971227e-09
9.000000000000000222e-01 1.908184697541535437e-09 1.675726132293346347e-09 1.601330687362963162e-09
9.499999999999999556e-01 1.888776667427037354e-09 1.645843699105855514e-09 1.659031756244708163e-09
9.799999999999999822e-01 1.878138050815884725e-09 1.682240896009197911e-09 1.675237917371701986e-09
9.899999999999999911e-01 1.878420787074431555e-09 1.698145813277054380e-09 1.648023873507036660e-09
1.000000000000000000e+00 1.914842766668334983e-09 0.000000000000000000e+00 0.000000000000000000e+00
