0.000000000000000000e+00 0.000000000000000000e+00 1.632660142625370171e-09 0.000000000000000000e+00 0.000000000000000000e+00
1.000000000000000021e-02 3.662438214850097533e-09 1.621355536231034110e-09 3.788904808557172989e-09 0.000000000000000000e+00
2.000000000000000042e-02 3.883797037510738310e-09 1.621469543091385298e-09 3.695632342960041490e-09 0.000000000000000000e+00
5.000000000000000278e-02 3.834127968148658666e-09 1.669370705812594661e-09 3.721832157783743117e-09 0.000000000000000000e+00
1.000000000000000056e-01 3.910166565765210571e-09 1.704509820580963236e-09 3.020316321546414894e-09 0.000000000000000000e+00
2.500000000000000000e-01 4.372491789847712715e-09 1.936164760478589507e-09 3.635503072344429139e-09 0.000000000000000000e+00
5.000000000000000000e-01 5.757231724107354363e-09 2.726325212372876772e-09 4.035585322672704473e-09 0.000000000000000000e+00
7.500000000000000000e-01 9.301222915744130563e-09 4.351882235418315781e-09 6.393604400677137994e-09 0.000000000000000000e+00
9.000000000000000222e-01 1.451981533972978029e-08 6.978577086549176368e-09 8.904760545296050440e-09 0.000000000000000000e+00
9.499999999999999556e-01 1.799557780994886078e-08 8.555781564936371863e-09 1.030582987639269725e-08 0.000000000000000000e+00
9.799999999999999822e-01 2.104434076700108777e-08 1.014952770671626144e-08 1.131623459673591773e-08 0.000000000000000000e+00
9.899999999999999911e-01 2.211877969500113116e-08 1.068967381152200093e-08 1.164303689254017979e-08 0.000000000000000000e+00
1.000000000000000000e+00 2.397298105285192064e-08 0.000000000000000000e+00 0.000000000000000000e+00 0.000000000000000000e+00
