0.000000000000000000e+00 0.000000000000000000e+00 1.800456741666191766e-11 0.000000000000000000e+00
1.000000000000000021e-02 2.791256295333162345e-11 1.372936722609788810e-11 2.192328538177136606e-11
2.000000000000000042e-02 6.738831452202898841e-11 5.098423524339358970e-12 1.179965613013749601e-11
5.000000000000000278e-02 1.975855174698637490e-11 1.607879496481632506e-11 2.883603299592878664e-11
1.000000000000000056e-01 1.219444244053859434e-11 7.616223179798072704e-12 6.149457981328731214e-11
2.500000000000000000e-01 1.903773062837030284e-12 1.783122811055799708e-11 9.846233141109783977e-11
5.000000000000000000e-01 2.813265927415162792e-11 9.590570775090073871e-12 7.427151435647165041e-11
7.500000000000000000e-01 1.924336766999811890e-11 1.117918380003420784e-11 5.012828863358281540e-11
9.000000000000000222e-01 1.622912127945534599e-11 4.120216321465621110e-11 3.850838864501362934e-11
9.499999999999999556e-01 3.128076003445129551e-12 3.947817703945330666e-11 1.739215905885148034e-11
9.799999999999999822e-01 8.195473605357984135e-12 9.143101607771821289e-12 3.000065286217169799e-11
9.899999999999999911e-01 1.087569920672689218e-11 1.139627376653618896e-10 7.607271287560671611e-11
1.000000000000000000e+00 2.651627390838852290e-11 0.000000000000000000e+00 0.000000000000000000e+00
