0.000000000000000000e+00 0.000000000000000000e+00 3.068550956906744402e-10 0.000000000000000000e+00
1.000000000000000021e-02 4.275191492890348784e-10 1.108201601994745177e-11 3.035455173470217234e-10
2.000000000000000042e-02 2.547885802335827648e-10 9.702273065478813748e-11 5.218812280367595669e-10
5.000000000000000278e-02 2.624969940089314129e-10 5.233387258993711007e-11 7.501371001032595022e-10
1.000000000000000056e-01 1.664942261512599351e-10 6.312920495170226103e-11 5.385908080678956044e-10
2.500000000000000000e-01 5.736741553638401963e-11 2.164221755346655365e-11 6.687556143384772798e-10
5.000000000000000000e-01 1.164241873400772632e-11 8.585252769904655943e-11 5.314659982586696183e-10
7.500000000000000000e-01 1.716535040117182249e-11 7.367926117835883341e-11 3.493006673056087812e-10
9.000000000000000222e-01 2.173517887031915661e-11 6.779158713676388185e-12 4.768299074454633080e-10
9.499999999999999556e-01 2.499517660075775740e-11 4.556780646820908493e-11 2.724653489421144313e-10
9.799999999999999822e-01 2.044106525342309667e-12 8.560065958084337576e-11 8.561736335348982546e-11
9.899999999999999911e-01 1.658141345212082899e-11 2.369206261293315310e-10 9.312714455052606137e-11
1.000000000000000000e+00 5.019910120135672153e-11 0.000000000000000000e+00 0.000000000000000000e+00
