0.000000000000000000e+00 0.000000000000000000e+00 7.479334448127071427e-11 0.000000000000000000e+00
1.000000000000000021e-02 1.327696061281588819e-10 7.509716751413081784e-11 1.933706959430457598e-10
2.000000000000000042e-02 1.576642689756597747e-10 8.262965758112154058e-11 1.800990360484607022e-10
5.000000000000000278e-02 1.783367352884451276e-10 9.364406929320189939e-11 2.233734115370047082e-10
1.000000000000000056e-01 2.168204726175767887e-10 1.117527590919083334e-10 1.963125844238337336e-10
2.500000000000000000e-01 3.538503321544133035e-10 1.936639707732862131e-10 3.571556334939930278e-10
5.000000000000000000e-01 6.790603652745681314e-10 3.866090386160166504e-10 6.045107527281094325e-10
7.500000000000000000e-01 1.133210206552130843e-09 6.979266047664749825e-10 8.853410904900509129e-10
9.000000000000000222e-01 1.535190745251223706e-09 9.547381673689895923e-10 1.050099188902873785e-09
9.499999999999999556e-01 1.661918451231936328e-09 1.017284343808581412e-09 1.089319750325177562e-09
9.799999999999999822e-01 1.771711238755524572e-09 1.085156288155976001e-09 1.193080770112986354e-09
9.899999999999999911e-01 1.822160463960474624e-09 1.147478185177884500e-09 1.153134345207305262e-09
1.000000000000000000e+00 1.914842766668334983e-09 0.000000000000000000e+00 0.000000000000000000e+00
