0.000000000000000000e+00 0.000000000000000000e+00 7.226782978868984965e-09 0.000000000000000000e+00 0.000000000000000000e+00
1.000000000000000021e-02 7.362588767207097876e-09 7.175463828792394737e-09 6.746261893335815686e-09 0.000000000000000000e+00
2.000000000000000042e-02 6.916255754226200734e-09 7.164173229975991703e-09 6.986149465239129548e-09 0.000000000000000000e+00
5.000000000000000278e-02 6.823352892563782065e-09 7.057295195837587185e-09 6.955600856607113117e-09 0.000000000000000000e+00
1.000000000000000056e-01 6.731712662408353280e-09 6.899833878118527302e-09 6.791789531516975572e-09 0.000000000000000000e+00
2.500000000000000000e-01 6.326643025550291121e-09 6.450507253405657515e-09 6.319022534326984537e-09 0.000000000000000000e+00
5.000000000000000000e-01 5.754478477634703939e-09 5.866449539821602537e-09 5.816338013565899337e-09 0.000000000000000000e+00
7.500000000000000000e-01 5.403326703929569865e-09 5.384256252711437064e-09 5.072380588221234694e-09 0.000000000000000000e+00
9.000000000000000222e-01 5.312890361866186251e-09 5.260776229869825824e-09 5.084572868231303921e-09 0.000000000000000000e+00
9.499999999999999556e-01 5.273112184357091980e-09 5.268420140343990186e-09 5.306704277771069533e-09 0.000000000000000000e+00
9.799999999999999822e-01 5.290609409099198092e-09 5.195165023715079584e-09 5.236401481845594431e-09 0.000000000000000000e+00
9.899999999999999911e-01 5.287978442615140453e-09 5.028048619649737687e-09 5.023527503367941914e-09 0.000000000000000000e+00
1.000000000000000000e+00 5.366790241202150339e-09 0.000000000000000000e+00 0.000000000000000000e+00 0.000000000000000000e+00
