0.000000000000000000e+00 0.000000000000000000e+00 7.479334448127071427e-11 0.000000000000000000e+00
1.000000000000000021e-02 1.197488412404753335e-10 7.440504836159342516e-11 1.624774597627423939e-10
2.000000000000000042e-02 1.377234997573350334e-10 7.871291882562562595e-11 1.730345980773619124e-10
5.000000000000000278e-02 1.638470500296913620e-10 9.276644828065865756e-11 1.900574244193043149e-10
1.000000000000000056e-01 1.904275448286800706e-10 1.101670381573125775e-10 1.739573731355115601e-10
2.500000000000000000e-01 3.000685211448156957e-10 1.847262194352233668e-10 3.076584505142686534e-10
5.000000000000000000e-01 5.327280475213001260e-10 3.427595781193299180e-10 4.785183474368809994e-10
7.500000000000000000e-01 8.645927171600047462e-10 5.859530428894340330e-10 7.056010219485257980e-10
9.000000000000000222e-01 1.126794357354745861e-09 7.782997459477467281e-10 8.093812911533785722e-10
9.499999999999999556e-01 1.223023710103708560e-09 8.617480531847898521e-10 9.210305040595399480e-10
9.799999999999999822e-01 1.297753156069213953e-09 9.083909971683629755e-10 9.411727956579710052e-10
9.899999999999999911e-01 1.323208271674008182e-09 9.069646900129320847e-10 9.311449496118072180e-10
1.000000000000000000e+00 1.367296445789312499e-09 0.000000000000000000e+00 0.000000000000000000e+00
