0.000000000000000000e+00 0.000000000000000000e+00 1.632660142625370171e-09 0.000000000000000000e+00 0.000000000000000000e+00
1.000000000000000021e-02 2.185208852575307093e-09 1.603335071058542541e-09 2.222038027009604798e-09 0.000000000000000000e+00
2.000000000000000042e-02 2.187433573564000462e-09 1.611413241069071881e-09 2.183293448317878675e-09 0.000000000000000000e+00
5.000000000000000278e-02 2.260460804088061950e-09 1.618748677042020671e-09 2.218264171772851865e-09 0.000000000000000000e+00
1.000000000000000056e-01 2.311017972298388336e-09 1.630112976356932291e-09 1.957249246310265552e-09 0.000000000000000000e+00
2.500000000000000000e-01 2.406686731969223597e-09 1.707783018899070459e-09 2.506071583548597195e-09 0.000000000000000000e+00
5.000000000000000000e-01 2.824090714867911556e-09 1.918845231794107905e-09 2.730601736664588109e-09 0.000000000000000000e+00
7.500000000000000000e-01 3.391180479900976489e-09 2.311149002215272727e-09 2.801957746230157256e-09 0.000000000000000000e+00
9.000000000000000222e-01 4.101584224478720206e-09 2.755378464116663893e-09 2.922169356536212302e-09 0.000000000000000000e+00
9.499999999999999556e-01 4.532505215835437509e-09 3.022511429965389212e-09 3.159170973476366255e-09 0.000000000000000000e+00
9.799999999999999822e-01 4.887810959772210625e-09 3.216600826034405581e-09 3.333961899854731491e-09 0.000000000000000000e+00
9.899999999999999911e-01 4.991208374061018972e-09 3.355681738687579144e-09 3.313068757829772832e-09 0.000000000000000000e+00
1.000000000000000000e+00 5.366790241202150339e-09 0.000000000000000000e+00 0.000000000000000000e+00 0.000000000000000000e+00
