0.000000000000000000e+00 0.000000000000000000e+00 2.397298105285192064e-08 0.000000000000000000e+00 0.000000000000000000e+00
1.000000000000000021e-02 1.766673832021116194e-08 2.394708343773230628e-08 1.849053402391399694e-08 0.000000000000000000e+00
2.000000000000000042e-02 1.815277244181232302e-08 2.361988387723909325e-08 1.875279848312630913e-08 0.000000000000000000e+00
5.000000000000000278e-02 1.761751867105629832e-08 2.298452159129226974e-08 1.821776016636206949e-08 0.000000000000000000e+00
1.000000000000000056e-01 1.643181489455670164e-08 2.186602978214464635e-08 1.825063236122583043e-08 0.000000000000000000e+00
2.500000000000000000e-01 1.418064526967990556e-08 1.881544327876216831e-08 1.586655738806380057e-08 0.000000000000000000e+00
5.000000000000000000e-01 1.064957615156596287e-08 1.441752183263901361e-08 1.400438394558392590e-08 0.000000000000000000e+00
7.500000000000000000e-01 7.842914343836039810e-09 1.057292083938364161e-08 1.061662471249284379e-08 0.000000000000000000e+00
9.000000000000000222e-01 6.232927470327200393e-09 8.454314775219146417e-09 8.600812621644731071e-09 0.000000000000000000e+00
9.499999999999999556e-01 5.758488583366902113e-09 7.910893387665608394e-09 7.829156856927726665e-09 0.000000000000000000e+00
9.799999999999999822e-01 5.480757693066011375e-09 7.436927009102425076e-09 7.431958006366431805e-09 0.000000000000000000e+00
9.899999999999999911e-01 5.369533664982870181e-09 7.368503073292588879e-09 7.403096865391589989e-09 0.000000000000000000e+00
1.000000000000000000e+00 5.366790241202150339e-09 0.000000000000000000e+00 0.000000000000000000e+00 0.000000000000000000e+00
