0.000000000000000000e+00 0.000000000000000000e+00 1.367296445789312499e-09 0.000000000000000000e+00
1.000000000000000021e-02 1.598464836162933027e-09 1.374275220392619355e-09 1.543174426228138756e-09
2.000000000000000042e-02 1.576167415213274573e-09 1.384745564337423152e-09 1.605728350248546358e-09
5.000000000000000278e-02 1.553437756018670641e-09 1.374620553291166291e-09 1.585121148811403247e-09
1.000000000000000056e-01 1.567350639319612645e-09 1.376333728087099558e-09 1.606568422133881919e-09
2.500000000000000000e-01 1.601713210827829612e-09 1.406516552203945768e-09 1.608258721833436803e-09
5.000000000000000000e-01 1.670248627148127535e-09 1.441791082323376731e-09 1.545004206274445397e-09
7.500000000000000000e-01 1.753668056339001227e-09 1.507763957707550237e-09 1.538713166492975485e-09
9.000000000000000222e-01 1.834344072031629855e-09 1.542514650110993902e-09 1.564043521019421392e-09
9.499999999999999556e-01 1.858666662114749857e-09 1.597906893316683565e-09 1.667993816589109995e-09
9.799999999999999822e-01 1.866659955802718142e-09 1.519430487980158643e-09 1.616798485644587537e-09
9.899999999999999911e-01 1.880395002367733261e-09 1.531260172752780643e-09 1.595959026475303131e-09
1.000000000000000000e+00 1.914842766668334983e-09 0.000000000000000000e+00 0.000000000000000000e+00
