0.000000000000000000e+00 1.073729581974142988e+01 0.000000000000000000e+00 1.073729581974142988e+01 0.000000000000000000e+00
1.000000000000000021e-02 1.082931675608192279e+01 8.276742433347864747e+00 1.085876076843032401e+01 8.438892390805952104e+00
2.000000000000000042e-02 1.075952986482007567e+01 7.851952642488682521e+00 1.082892762033960921e+01 7.879761002085820643e+00
5.000000000000000278e-02 1.028875663988530320e+01 7.794238463249233639e+00 1.044022107996673654e+01 8.084392582905680413e+00
1.000000000000000056e-01 9.697483093247539543e+00 7.364454408629632631e+00 9.998592281303448459e+00 7.455819535341123405e+00
2.500000000000000000e-01 7.848665526825945982e+00 6.068683125048511151e+00 8.551250103543612369e+00 7.098310919962333543e+00
5.000000000000000000e-01 6.035196899609971410e+00 5.062053406726279903e+00 7.195420255476441262e+00 6.303036405261332575e+00
7.500000000000000000e-01 4.195933466510030740e+00 3.840357889367237210e+00 5.472670185061959458e+00 5.148625980008481484e+00
9.000000000000000222e-01 3.323933494950219725e+00 3.204447356802126556e+00 4.621095957519670172e+00 4.675264041470650334e+00
9.499999999999999556e-01 3.076521890552081029e+00 3.019578410405912905e+00 4.387531750228352401e+00 4.270606537540039049e+00
9.799999999999999822e-01 2.913186520674644342e+00 2.892770919728533840e+00 4.111747952162986941e+00 4.082308108918331513e+00
9.899999999999999911e-01 2.864522640148952970e+00 2.855261009376780734e+00 3.947210143409988437e+00 4.203320953649163805e+00
1.000000000000000000e+00 2.802731553014095933e+00 2.802731553014095933e+00 0.000000000000000000e+00 0.000000000000000000e+00
