0.000000000000000000e+00 0.000000000000000000e+00 1.843314267589723198e-08 0.000000000000000000e+00 0.000000000000000000e+00
1.000000000000000021e-02 1.529490993766599514e-08 1.855114040537173760e-08 1.591841978189637688e-08 0.000000000000000000e+00
2.000000000000000042e-02 1.555830891458062030e-08 1.838571539423844410e-08 1.564552334995895137e-08 0.000000000000000000e+00
5.000000000000000278e-02 1.507790733674147318e-08 1.790883386702011054e-08 1.553226475592642540e-08 0.000000000000000000e+00
1.000000000000000056e-01 1.444021975400612041e-08 1.718134710887123406e-08 1.454357944253780369e-08 0.000000000000000000e+00
2.500000000000000000e-01 1.257799693879020556e-08 1.528537284753780902e-08 1.413864860466928623e-08 0.000000000000000000e+00
5.000000000000000000e-01 9.778574809517372575e-09 1.218234097179541652e-08 1.175674852561461702e-08 0.000000000000000000e+00
7.500000000000000000e-01 7.409067082804967551e-09 9.296809520820964150e-09 8.972796280755591694e-09 0.000000000000000000e+00
9.000000000000000222e-01 6.114677410327238507e-09 7.743691255850855010e-09 7.486643781131542126e-09 0.000000000000000000e+00
9.499999999999999556e-01 5.703309247041111250e-09 7.221191485740219795e-09 7.085071864205183401e-09 0.000000000000000000e+00
9.799999999999999822e-01 5.433023136635822378e-09 6.916950559210647801e-09 6.838837334453956313e-09 0.000000000000000000e+00
9.899999999999999911e-01 5.363381632536468454e-09 6.702938379156393479e-09 6.927173279626186232e-09 0.000000000000000000e+00
1.000000000000000000e+00 5.366790241202150339e-09 0.000000000000000000e+00 0.000000000000000000e+00 0.000000000000000000e+00
