0.000000000000000000e+00 0.000000000000000000e+00 2.163440424790247064e-10 0.000000000000000000e+00
1.000000000000000021e-02 3.875239231672842438e-10 1.893437332461368699e-11 9.730823583364952049e-11
2.000000000000000042e-02 4.992526071355639623e-10 3.661192153489545205e-11 2.184857340889484043e-10
5.000000000000000278e-02 1.472115682874344079e-10 3.718178763935352383e-11 4.057874287520109785e-10
1.000000000000000056e-01 9.998739862401453896e-11 9.315913823742204651e-12 3.916433656600586457e-10
2.500000000000000000e-01 5.845238630652801911e-11 1.008157721940856194e-11 7.921385860155431006e-10
5.000000000000000000e-01 3.153594321817303451e-11 7.745992416986094877e-11 3.064728907699934586e-10
7.500000000000000000e-01 2.083989781216626134e-11 8.625458098378150928e-11 1.203568689441247579e-10
9.000000000000000222e-01 6.391122120325197602e-12 1.025219724325614605e-10 3.826260757467602430e-10
9.499999999999999556e-01 2.679299946479917227e-12 1.397502183830199261e-11 1.905026507556554483e-10
9.799999999999999822e-01 1.249406018784773118e-11 8.899714431067318802e-11 1.629858953274412674e-10
9.899999999999999911e-01 1.357030593480534025e-11 1.473741789569790272e-10 2.008770989989170859e-10
1.000000000000000000e+00 5.019910120135672153e-11 0.000000000000000000e+00 0.000000000000000000e+00
