0.000000000000000000e+00 6.284079684472817284e+00 0.000000000000000000e+00 6.284079684472817284e+00 0.000000000000000000e+00
1.000000000000000021e-02 6.225805772870571353e+00 5.654997461705213446e+00 6.231856119946005634e+00 4.905453023563273618e+00
2.000000000000000042e-02 6.186232364524985705e+00 5.272032143978361951e+00 6.206453966091121544e+00 5.331694761225610257e+00
5.000000000000000278e-02 6.001806206825457402e+00 4.975876546617300278e+00 6.061314658973873115e+00 5.167382703130146915e+00
1.000000000000000056e-01 5.673209447591638366e+00 4.943424956787826119e+00 5.760674793416797890e+00 4.979717337664173016e+00
2.500000000000000000e-01 4.984500808863079335e+00 4.373031855074923868e+00 5.206765446575493783e+00 4.728747402713000980e+00
5.000000000000000000e-01 4.051009018672035111e+00 3.740214921436545659e+00 4.387628629388799162e+00 3.924528287325041553e+00
7.500000000000000000e-01 3.271673150619768933e+00 3.178617858947906605e+00 3.567505754332450429e+00 3.269255278603301562e+00
9.000000000000000222e-01 3.013105621742155016e+00 2.973499298491410592e+00 3.394165338445422453e+00 3.265152884334065586e+00
9.499999999999999556e-01 2.898491461701476979e+00 2.875183198294827935e+00 3.379057574946437992e+00 3.396521606666696780e+00
9.799999999999999822e-01 2.845818581187008700e+00 2.839506233021237058e+00 3.172941340775504049e+00 3.048225651871613540e+00
9.899999999999999911e-01 2.833736553186302132e+00 2.832468303113730101e+00 2.962145804480910805e+00 3.085739655749359045e+00
1.000000000000000000e+00 2.802731553014095933e+00 2.802731553014095933e+00 0.000000000000000000e+00 0.000000000000000000e+00
