0.000000000000000000e+00 0.000000000000000000e+00 1.472286013847200408e-11 0.000000000000000000e+00
1.000000000000000021e-02 2.503152784843116921e-11 9.288775442436738821e-12 4.366453399208735286e-11
2.000000000000000042e-02 5.511285265760906127e-11 2.086196578367832763e-11 4.893724193580614969e-11
5.000000000000000278e-02 4.805525775106342879e-11 1.080978395617541609e-11 7.758129861259481864e-11
1.000000000000000056e-01 4.923529272508488808e-11 1.801438796987326864e-11 7.138685633605266346e-11
2.500000000000000000e-01 6.076646706029919348e-12 1.174478375156422288e-11 1.141548421738583122e-10
5.000000000000000000e-01 1.653360136836733519e-11 2.312878223643920913e-11 8.880417525381113556e-11
7.500000000000000000e-01 9.444511044618965460e-12 6.609970847298364749e-12 1.124261896083957836e-10
9.000000000000000222e-01 2.173052899212923483e-11 4.587156768251425092e-11 4.513126766641056225e-11
9.499999999999999556e-01 1.345173321975813134e-11 4.392326345612049389e-11 7.801499265394387648e-11
9.799999999999999822e-01 1.827352384456911870e-11 3.516675764319693762e-11 4.593604593418725233e-11
9.899999999999999911e-01 3.537033686770390382e-12 6.839370023591693767e-11 4.852810273487297772e-11
1.000000000000000000e+00 2.651627390838852290e-11 0.000000000000000000e+00 0.000000000000000000e+00
