0.000000000000000000e+00 0.000000000000000000e+00 1.150014535418045584e-09 0.000000000000000000e+00
1.000000000000000021e-02 1.301961462770838341e-09 1.151416799535250593e-09 1.375257669562880982e-09
2.000000000000000042e-02 1.311876628469696742e-09 1.154310217898554753e-09 1.310305592894295034e-09
5.000000000000000278e-02 1.371286612245722491e-09 1.164317576780005845e-09 1.346058779891365694e-09
1.000000000000000056e-01 1.361750754032389276e-09 1.197747507983533635e-09 1.363890572693185911e-09
2.500000000000000000e-01 1.446740667623582889e-09 1.238870335065347916e-09 1.336299445959325958e-09
5.000000000000000000e-01 1.538542195704763983e-09 1.337043317779336524e-09 1.482047672417292059e-09
7.500000000000000000e-01 1.699898177039130419e-09 1.509249493479495684e-09 1.551540077466287204e-09
9.000000000000000222e-01 1.786746801844430653e-09 1.549946954640500471e-09 1.557223520107332568e-09
9.499999999999999556e-01 1.834009112005243097e-09 1.559138908850199467e-09 1.562393793507765005e-09
9.799999999999999822e-01 1.863214578497327520e-09 1.637334090281454812e-09 1.717852311435814700e-09
9.899999999999999911e-01 1.866915310862285739e-09 1.697434546281848999e-09 1.627981639347989422e-09
1.000000000000000000e+00 1.914842766668334983e-09 0.000000000000000000e+00 0.000000000000000000e+00
