0.000000000000000000e+00 2.182894954021224265e+01 0.000000000000000000e+00 2.182894954021224265e+01 0.000000000000000000e+00
1.000000000000000021e-02 2.129465807546609923e+01 1.645865282198686685e+01 2.135014041317667122e+01 1.149107943255306097e+01
2.000000000000000042e-02 1.936928490331087716e+01 1.387399686546415012e+01 1.950163280644203923e+01 1.212273811243721688e+01
5.000000000000000278e-02 1.702009578400676659e+01 1.267523934668844809e+01 1.728618469124487333e+01 9.930744024139899651e+00
1.000000000000000056e-01 1.413623671198947562e+01 1.065867048622530788e+01 1.458678058244884745e+01 9.970065098244621282e+00
2.500000000000000000e-01 8.263953848055088258e+00 6.801425668632671950e+00 8.818279476972492148e+00 7.016749418263751537e+00
5.000000000000000000e-01 4.543275806196573896e+00 4.158821305563948911e+00 4.963270488096169331e+00 4.517044112683848311e+00
7.500000000000000000e-01 3.069268397222311151e+00 2.992543184215463281e+00 3.311449923862093137e+00 3.164834182359284043e+00
9.000000000000000222e-01 2.692402957133501751e+00 2.671709842679857783e+00 2.886004308081420167e+00 2.782755560062136979e+00
9.499999999999999556e-01 2.738977422718637200e+00 2.727272937174270329e+00 2.971156932042712917e+00 2.900131914925170751e+00
9.799999999999999822e-01 2.762772529259299059e+00 2.758807898743973031e+00 2.964182082472588853e+00 2.794414245348201042e+00
9.899999999999999911e-01 2.740963512896387400e+00 2.739170601480729772e+00 2.924396979422640985e+00 2.873098673714522100e+00
1.000000000000000000e+00 2.802731553014095933e+00 2.802731553014095933e+00 0.000000000000000000e+00 0.000000000000000000e+00
