0.000000000000000000e+00 0.000000000000000000e+00 4.484454924319404634e-11 0.000000000000000000e+00
1.000000000000000021e-02 1.178967539160834331e-10 5.049780433523168622e-12 9.430092808255352279e-11
2.000000000000000042e-02 9.278271468599506488e-11 7.672196845385262117e-12 1.005507605092659616e-10
5.000000000000000278e-02 4.973168901347359435e-11 1.137950876271495138e-11 3.807791898462317771e-11
1.000000000000000056e-01 4.755540853386448747e-11 4.988866141148254766e-12 7.608200496220135950e-11
2.500000000000000000e-01 7.170322144890492144e-11 4.935477909008604218e-12 2.193734560851021822e-11
5.000000000000000000e-01 2.643141969516917950e-11 4.269232369913118460e-12 1.471832781640246629e-10
7.500000000000000000e-01 3.600674445521774530e-11 2.245501495073921077e-11 3.980324809195647489e-11
9.000000000000000222e-01 3.659850842180378302e-11 1.028787656298620305e-10 1.117431007616767481e-10
9.499999999999999556e-01 1.117075090004419708e-10 1.727688043239984995e-10 2.169952623715546859e-10
9.799999999999999822e-01 5.653623988406429782e-11 4.295983140396752440e-10 2.853079976927939247e-10
9.899999999999999911e-01 6.184051457527154831e-11 1.260137163133814973e-10 2.606328072122633153e-10
1.000000000000000000e+00 3.068550956906744402e-10 0.000000000000000000e+00 0.000000000000000000e+00
