0.000000000000000000e+00 1.753312613857692526e+01 0.000000000000000000e+00 1.753312613857692526e+01 0.000000000000000000e+00
1.000000000000000021e-02 1.734609239620594323e+01 1.105231589743296361e+01 1.742524574581998209e+01 1.198214129889967872e+01
2.000000000000000042e-02 1.692374341802558746e+01 1.151703319495158695e+01 1.705720132675839196e+01 1.167868679669485488e+01
5.000000000000000278e-02 1.639919567348326979e+01 1.134098782059250787e+01 1.672062994857882501e+01 1.149297653370064687e+01
1.000000000000000056e-01 1.524029947876522151e+01 1.048381547966175376e+01 1.588715682535455720e+01 1.136000939006687993e+01
2.500000000000000000e-01 1.206576921463970464e+01 8.853423430497135982e+00 1.337733512576104999e+01 9.865674703119724498e+00
5.000000000000000000e-01 7.984904775958082013e+00 6.376042451685544954e+00 9.999730203217703561e+00 9.064301500740555184e+00
7.500000000000000000e-01 5.004526188926742947e+00 4.472291272847320975e+00 7.012318330953492662e+00 6.899677564136389663e+00
9.000000000000000222e-01 3.564306618426752227e+00 3.397905314145297950e+00 5.480865140963688376e+00 5.499087784999002970e+00
9.499999999999999556e-01 3.171650716679158322e+00 3.098182530919783684e+00 4.950784942948347478e+00 4.693756522993361102e+00
9.799999999999999822e-01 2.966293615491136126e+00 2.936130748414285119e+00 4.894549022106722269e+00 4.596712622107292923e+00
9.899999999999999911e-01 2.870475928860522163e+00 2.855534958464431838e+00 4.812051671170984868e+00 4.638650956936801073e+00
1.000000000000000000e+00 2.802731553014095933e+00 2.802731553014095933e+00 0.000000000000000000e+00 0.000000000000000000e+00
