0.000000000000000000e+00 0.000000000000000000e+00 1.800456741666191766e-11 0.000000000000000000e+00
1.000000000000000021e-02 6.280844501946586178e-11 1.126639980624032286e-11 6.026578710038355348e-12
2.000000000000000042e-02 4.440785142995531074e-11 4.716225662307182411e-12 2.661934196130176291e-11
5.000000000000000278e-02 5.437581802585994725e-11 3.254847550779115087e-12 3.027380409035957635e-11
1.000000000000000056e-01 2.234365202372221393e-11 1.139276261801377302e-11 3.120747585437969824e-11
2.500000000000000000e-01 1.154852938632025417e-11 1.250275481148149244e-11 3.089020600580238000e-11
5.000000000000000000e-01 8.754347600249541549e-12 1.135990192108329414e-11 8.930366030870907543e-11
7.500000000000000000e-01 1.758338549066914590e-11 2.937852362913522732e-11 7.072654326145615171e-11
9.000000000000000222e-01 1.341601574037826217e-11 4.215754679625952684e-11 5.528729699189486510e-11
9.499999999999999556e-01 6.505846401091709714e-12 6.803572515006196197e-11 4.450304963125449363e-11
9.799999999999999822e-01 7.821883167958643618e-12 5.258941297193641127e-11 8.095138857322746831e-11
9.899999999999999911e-01 5.653966179002177486e-12 9.239365197599438352e-11 6.155865735354093466e-11
1.000000000000000000e+00 1.472286013847200408e-11 0.000000000000000000e+00 0.000000000000000000e+00
