0.000000000000000000e+00 0.000000000000000000e+00 2.397298105285192064e-08 0.000000000000000000e+00 0.000000000000000000e+00
1.000000000000000021e-02 2.241086919168479267e-08 2.410693686906825942e-08 2.229294073130480162e-08 0.000000000000000000e+00
2.000000000000000042e-02 2.235783576631945012e-08 2.407556615217126953e-08 2.244791861585041911e-08 0.000000000000000000e+00
5.000000000000000278e-02 2.197581830153099653e-08 2.403434443416100018e-08 2.146894629506641322e-08 0.000000000000000000e+00
1.000000000000000056e-01 2.169345685911135670e-08 2.377589485547858695e-08 2.126987331311803451e-08 0.000000000000000000e+00
2.500000000000000000e-01 2.102578234710126639e-08 2.321904227479936650e-08 2.216736795661023179e-08 0.000000000000000000e+00
5.000000000000000000e-01 2.028455829467808783e-08 2.224763132067987765e-08 2.148352294411234840e-08 0.000000000000000000e+00
7.500000000000000000e-01 1.930031854860490918e-08 2.133232695894607036e-08 2.158525985569034286e-08 0.000000000000000000e+00
9.000000000000000222e-01 1.885870551798136540e-08 2.072928861423953958e-08 2.089634071444268439e-08 0.000000000000000000e+00
9.499999999999999556e-01 1.880165456992032906e-08 2.061960237172223949e-08 2.078744748112496745e-08 0.000000000000000000e+00
9.799999999999999822e-01 1.866501519865195063e-08 1.989757225369484444e-08 2.080251842870955614e-08 0.000000000000000000e+00
9.899999999999999911e-01 1.867560908969166933e-08 2.028701303175430479e-08 2.018633526810828532e-08 0.000000000000000000e+00
1.000000000000000000e+00 1.843314267589723198e-08 0.000000000000000000e+00 0.000000000000000000e+00 0.000000000000000000e+00
