0.000000000000000000e+00 0.000000000000000000e+00 3.068550956906744402e-10 0.000000000000000000e+00
1.000000000000000021e-02 7.963476998419974770e-10 5.001320112102643359e-11 2.067820432973682303e-10
2.000000000000000042e-02 3.982326309946885742e-10 4.951580466052684322e-11 7.349426743795482340e-10
5.000000000000000278e-02 2.138602944177781670e-10 4.796286705209755625e-11 6.230410033031878462e-10
1.000000000000000056e-01 1.499951094871967789e-10 5.788178844688796700e-11 1.622835673260848387e-10
2.500000000000000000e-01 7.733402112377919767e-11 2.152325191391821559e-11 6.802879636071304888e-10
5.000000000000000000e-01 1.135388167783048927e-10 8.835136048193087683e-11 4.725623877731360783e-10
7.500000000000000000e-01 7.221850880622988728e-11 8.793049222326832581e-11 1.062318643310428457e-10
9.000000000000000222e-01 5.894975632533601762e-11 2.365770788087335595e-10 1.365847140050440979e-10
9.499999999999999556e-01 6.542523083018603104e-11 3.995595400704777856e-10 6.494852576956574927e-10
9.799999999999999822e-01 3.468537383906009238e-11 3.107385786261043771e-10 7.914976077450465168e-10
9.899999999999999911e-01 2.744919781180398866e-11 6.734977861150674428e-10 4.008480421833210708e-10
1.000000000000000000e+00 2.163440424790247064e-10 0.000000000000000000e+00 0.000000000000000000e+00
