0.000000000000000000e+00 0.000000000000000000e+00 1.367296445789312499e-09 0.000000000000000000e+00
1.000000000000000021e-02 1.381932925847224135e-09 1.377613872026218652e-09 1.491049759852898234e-09
2.000000000000000042e-02 1.388917720665051532e-09 1.376594557619703979e-09 1.442085583171932304e-09
5.000000000000000278e-02 1.399896711975810973e-09 1.391586071607013425e-09 1.383982484216871737e-09
1.000000000000000056e-01 1.421689032883657391e-09 1.402126358946094676e-09 1.397149856082835829e-09
2.500000000000000000e-01 1.476573456718602124e-09 1.464145411511579284e-09 1.434445017789237482e-09
5.000000000000000000e-01 1.575593431070874134e-09 1.559218807368641890e-09 1.564377025097669570e-09
7.500000000000000000e-01 1.636202671840918679e-09 1.582267087298214520e-09 1.575412123394280197e-09
9.000000000000000222e-01 1.686230084643290503e-09 1.659997968222872465e-09 1.685011054500702823e-09
9.499999999999999556e-01 1.702826944991168131e-09 1.679856566844579605e-09 1.678864887739154911e-09
9.799999999999999822e-01 1.706904868042887104e-09 1.686957987825134831e-09 1.698928642131581972e-09
9.899999999999999911e-01 1.696534695522589406e-09 1.631047660905099358e-09 1.707250466947959447e-09
1.000000000000000000e+00 1.716739762539310451e-09 0.000000000000000000e+00 0.000000000000000000e+00
