0.000000000000000000e+00 1.753312613857692526e+01 0.000000000000000000e+00 1.753312613857692526e+01 0.000000000000000000e+00
1.000000000000000021e-02 1.748574317762977515e+01 1.621704553999632026e+01 1.749905206283336412e+01 1.495117153803381171e+01
2.000000000000000042e-02 1.746023626212527802e+01 1.609730758969214648e+01 1.748922078683849435e+01 1.556628738113809440e+01
5.000000000000000278e-02 1.718891841280982291e+01 1.569817123901546729e+01 1.727118783705988747e+01 1.551244075694689428e+01
1.000000000000000056e-01 1.677904198883481257e+01 1.525893240880519741e+01 1.695702723494171238e+01 1.522375944177670348e+01
2.500000000000000000e-01 1.543722895587303334e+01 1.423957761900108032e+01 1.585842641874491044e+01 1.545361981930441253e+01
5.000000000000000000e-01 1.355342491051305309e+01 1.287423385669449161e+01 1.426844726060306634e+01 1.373295733665677965e+01
7.500000000000000000e-01 1.219649785939233055e+01 1.179579943289653876e+01 1.348212772053034847e+01 1.370134172205311529e+01
9.000000000000000222e-01 1.130793296234095813e+01 1.118394558947202277e+01 1.248753854586429846e+01 1.240130778882909013e+01
9.499999999999999556e-01 1.110004353637374486e+01 1.104143590470248526e+01 1.227462080911695175e+01 1.238184658749901246e+01
9.799999999999999822e-01 1.095157462326900699e+01 1.093500613191934434e+01 1.179494237396347600e+01 1.224449215395498669e+01
9.899999999999999911e-01 1.102154360989222148e+01 1.100809145782836929e+01 1.243802588852410018e+01 1.182388621875457169e+01
1.000000000000000000e+00 1.073729581974142988e+01 1.073729581974142988e+01 0.000000000000000000e+00 0.000000000000000000e+00
