0.000000000000000000e+00 0.000000000000000000e+00 1.472286013847200408e-11 0.000000000000000000e+00
1.000000000000000021e-02 6.020334693137763541e-11 4.373558005338582327e-12 7.326892328028036787e-11
2.000000000000000042e-02 1.029081857622310006e-10 1.762982444550287371e-12 7.939172409722692227e-11
5.000000000000000278e-02 3.639699663198523551e-11 1.272409708412395221e-11 5.545035179452358222e-11
1.000000000000000056e-01 2.672670062680716544e-11 8.200869428575821052e-12 1.942500756384495776e-11
2.500000000000000000e-01 3.579114513121153291e-11 1.599915867779804778e-11 5.675449842911550067e-11
5.000000000000000000e-01 1.364118784292918250e-11 1.162349812569928107e-11 5.199543767357402332e-11
7.500000000000000000e-01 9.009063430461620485e-13 2.706593861672087253e-11 5.497315432701127304e-11
9.000000000000000222e-01 5.289689983028593050e-12 1.202436281624122672e-11 3.381059787779946447e-11
9.499999999999999556e-01 5.989088149433167641e-12 3.060159060432303027e-11 1.252150583603478328e-11
9.799999999999999822e-01 5.341681458725996079e-12 6.761891346160097491e-11 4.570058194473190261e-11
9.899999999999999911e-01 1.300194571495323867e-11 4.704903982326532382e-11 2.912431055457719164e-11
1.000000000000000000e+00 7.990133633672793313e-12 0.000000000000000000e+00 0.000000000000000000e+00
