0.000000000000000000e+00 0.000000000000000000e+00 1.800456741666191766e-11 0.000000000000000000e+00
1.000000000000000021e-02 7.461780669732807779e-11 1.069587057735370454e-11 3.002507920038862774e-11
2.000000000000000042e-02 3.292703397316433837e-11 5.882425750450373568e-12 2.745357846208731458e-11
5.000000000000000278e-02 3.878169130532610415e-11 8.641840820454896920e-12 7.684240428069333457e-12
1.000000000000000056e-01 4.214024939201093248e-11 4.610035090416638442e-12 4.523041498081254624e-11
2.500000000000000000e-01 2.108242052912356043e-11 4.005557603092422371e-12 1.373919828387223997e-11
5.000000000000000000e-01 3.263343047201922083e-12 1.352651421215210380e-11 4.260381464317031567e-11
7.500000000000000000e-01 6.116286975953616717e-12 7.102458174704575925e-12 1.281007241540644378e-10
9.000000000000000222e-01 1.693693979861478086e-12 4.060035111117480920e-11 3.061491181049605913e-11
9.499999999999999556e-01 1.347627152138067160e-11 8.931053563073965232e-12 4.402994634324858266e-11
9.799999999999999822e-01 1.003067741790252292e-11 4.461073240152697971e-11 1.853804105357949469e-11
9.899999999999999911e-01 1.032521068986466035e-11 3.390992781580442240e-11 2.192268279051546757e-11
1.000000000000000000e+00 7.990133633672793313e-12 0.000000000000000000e+00 0.000000000000000000e+00
