0.000000000000000000e+00 0.000000000000000000e+00 1.367296445789312499e-09 0.000000000000000000e+00
1.000000000000000021e-02 1.382105496459653650e-09 1.378789702521874192e-09 1.375449283617997567e-09
2.000000000000000042e-02 1.411500397225299004e-09 1.370561097674183815e-09 1.348116457317947144e-09
5.000000000000000278e-02 1.373434484857961203e-09 1.353324513478691178e-09 1.411067052616891808e-09
1.000000000000000056e-01 1.306531268978681449e-09 1.321729932606707544e-09 1.322833898362301991e-09
2.500000000000000000e-01 1.304542375238105239e-09 1.284106529732566174e-09 1.280561619268634562e-09
5.000000000000000000e-01 1.224950977299345686e-09 1.224441386948179325e-09 1.212515141662758688e-09
7.500000000000000000e-01 1.184076076159894058e-09 1.156201345575514730e-09 1.189145059587435078e-09
9.000000000000000222e-01 1.149878709235817469e-09 1.138899757420712124e-09 1.117407475152367488e-09
9.499999999999999556e-01 1.152212622139424054e-09 1.145502353116628105e-09 1.106990540475073448e-09
9.799999999999999822e-01 1.150573207430301511e-09 1.095893004968600093e-09 1.139446342397248888e-09
9.899999999999999911e-01 1.156348055749600339e-09 1.140887814989931623e-09 1.112389671086999180e-09
1.000000000000000000e+00 1.150014535418045584e-09 0.000000000000000000e+00 0.000000000000000000e+00
