0.000000000000000000e+00 0.000000000000000000e+00 2.397298105285192064e-08 0.000000000000000000e+00 0.000000000000000000e+00
1.000000000000000021e-02 1.836731632782003436e-08 2.388842374858080339e-08 1.872858240578977564e-08 0.000000000000000000e+00
2.000000000000000042e-02 1.808993169256957379e-08 2.383677834563852639e-08 1.861919821627751137e-08 0.000000000000000000e+00
5.000000000000000278e-02 1.722818943303067973e-08 2.332643622828177496e-08 1.854516855338852711e-08 0.000000000000000000e+00
1.000000000000000056e-01 1.702649885571373760e-08 2.246067969332882862e-08 1.873939272400554009e-08 0.000000000000000000e+00
2.500000000000000000e-01 1.463990745345455623e-08 2.005284366207499556e-08 1.859585635882640385e-08 0.000000000000000000e+00
5.000000000000000000e-01 1.167410942229331588e-08 1.604170647684330347e-08 1.745496263615407383e-08 0.000000000000000000e+00
7.500000000000000000e-01 9.240962301474753239e-09 1.284184943736941619e-08 1.409231315939257907e-08 0.000000000000000000e+00
9.000000000000000222e-01 7.993640122016305095e-09 1.127361724771439424e-08 1.149642604694092247e-08 0.000000000000000000e+00
9.499999999999999556e-01 7.619496289224220203e-09 1.070374137327343182e-08 1.058817345282221298e-08 0.000000000000000000e+00
9.799999999999999822e-01 7.399501350053862645e-09 1.033657708372004929e-08 1.062285821406420093e-08 0.000000000000000000e+00
9.899999999999999911e-01 7.274963390859918639e-09 1.031174321684403514e-08 1.049604395031205398e-08 0.000000000000000000e+00
1.000000000000000000e+00 7.226782978868984965e-09 0.000000000000000000e+00 0.000000000000000000e+00 0.000000000000000000e+00
