0.000000000000000000e+00 0.000000000000000000e+00 1.843314267589723198e-08 0.000000000000000000e+00 0.000000000000000000e+00
1.000000000000000021e-02 1.574617519253569795e-08 1.850799011763262317e-08 1.602368351239027399e-08 0.000000000000000000e+00
2.000000000000000042e-02 1.553720016511017992e-08 1.840274010327244656e-08 1.511115386870795252e-08 0.000000000000000000e+00
5.000000000000000278e-02 1.511396531272834034e-08 1.812640975148782039e-08 1.531879008201322293e-08 0.000000000000000000e+00
1.000000000000000056e-01 1.455137644570358664e-08 1.762903973821401349e-08 1.527156389258737412e-08 0.000000000000000000e+00
2.500000000000000000e-01 1.331193252648536899e-08 1.606855929728128559e-08 1.519629529047506394e-08 0.000000000000000000e+00
5.000000000000000000e-01 1.095482375206953845e-08 1.359416906159995503e-08 1.389212745454366805e-08 0.000000000000000000e+00
7.500000000000000000e-01 8.974598530723210496e-09 1.140296364149663005e-08 1.167905518061415640e-08 0.000000000000000000e+00
9.000000000000000222e-01 7.905348600126853701e-09 1.003829545426224597e-08 1.013066544866385012e-08 0.000000000000000000e+00
9.499999999999999556e-01 7.586811316529363016e-09 9.753332812010551578e-09 9.982975556571336634e-09 0.000000000000000000e+00
9.799999999999999822e-01 7.352715544095383832e-09 9.398823180232775776e-09 9.086517455227370965e-09 0.000000000000000000e+00
9.899999999999999911e-01 7.275527798793261072e-09 9.634044776212067161e-09 9.256801407348797628e-09 0.000000000000000000e+00
1.000000000000000000e+00 7.226782978868984965e-09 0.000000000000000000e+00 0.000000000000000000e+00 0.000000000000000000e+00
