0.000000000000000000e+00 1.753312613857692526e+01 0.000000000000000000e+00 1.753312613857692526e+01 0.000000000000000000e+00
1.000000000000000021e-02 1.727975631078654573e+01 1.328937362225171626e+01 1.732564705472321265e+01 1.361633804230563705e+01
2.000000000000000042e-02 1.728611081655796156e+01 1.281610102847326260e+01 1.739198521400401987e+01 1.381126839243551885e+01
5.000000000000000278e-02 1.696468136123367643e+01 1.254387422404964347e+01 1.723639525919890403e+01 1.314265577882753178e+01
1.000000000000000056e-01 1.654827413746080467e+01 1.303183418566276686e+01 1.699339565461153967e+01 1.416609655014535640e+01
2.500000000000000000e-01 1.437809074625430306e+01 1.122225519947750172e+01 1.561618385839942036e+01 1.452164119165700917e+01
5.000000000000000000e-01 1.117400362838516514e+01 9.530266629960385316e+00 1.310124490060398372e+01 1.439566570048564920e+01
7.500000000000000000e-01 8.524162492788908807e+00 7.804365350784168598e+00 1.110693175242519182e+01 1.185079401858827985e+01
9.000000000000000222e-01 7.201800423203829737e+00 6.951724610440601637e+00 9.898691411828876241e+00 1.028848142023865719e+01
9.499999999999999556e-01 6.728231606466854586e+00 6.612925551081334063e+00 9.344146124319346214e+00 9.564827399770026162e+00
9.799999999999999822e-01 6.480590875206366341e+00 6.431143452905497604e+00 9.432104262784500648e+00 9.322824444471049077e+00
9.899999999999999911e-01 6.314161804653374510e+00 6.291326694144816045e+00 9.038349854700689079e+00 9.435581993543308954e+00
1.000000000000000000e+00 6.284079684472817284e+00 6.284079684472817284e+00 0.000000000000000000e+00 0.000000000000000000e+00
