0.000000000000000000e+00 1.073729581974142988e+01 0.000000000000000000e+00 1.073729581974142988e+01 0.000000000000000000e+00
1.000000000000000021e-02 1.087467596810509285e+01 8.935668223626809237e+00 1.089626942345427985e+01 9.234411929128359731e+00
2.000000000000000042e-02 1.087759241897948392e+01 9.108797513533888335e+00 1.091705942700056831e+01 9.111306667379263757e+00
5.000000000000000278e-02 1.078632830566276546e+01 8.822300142976615689e+00 1.090104018095290428e+01 9.077569653325749499e+00
1.000000000000000056e-01 1.053061532987381810e+01 8.898780028962631761e+00 1.072947710587705217e+01 9.541743757858546005e+00
2.500000000000000000e-01 9.812436471551301054e+00 8.490809299491706597e+00 1.029720712194201404e+01 1.017253784808799644e+01
5.000000000000000000e-01 8.563324788465942916e+00 7.680877932683364939e+00 9.547154905394620528e+00 9.462692709170386962e+00
7.500000000000000000e-01 7.466681751012025359e+00 7.029233335855090026e+00 8.949250897983244357e+00 9.183419607126978690e+00
9.000000000000000222e-01 6.726649660079322857e+00 6.560306589863890814e+00 8.426958710318382728e+00 8.671431609715186895e+00
9.499999999999999556e-01 6.522264087850828673e+00 6.442349064581031293e+00 8.243787607335175238e+00 8.518878752632394580e+00
9.799999999999999822e-01 6.399131360974498861e+00 6.368252019379688988e+00 8.110720098850157100e+00 7.698917815633788742e+00
9.899999999999999911e-01 6.293818566252184610e+00 6.274900089465146102e+00 8.479050295519829916e+00 7.901543450603432106e+00
1.000000000000000000e+00 6.284079684472817284e+00 6.284079684472817284e+00 0.000000000000000000e+00 0.000000000000000000e+00
