0.000000000000000000e+00 0.000000000000000000e+00 3.068550956906744402e-10 0.000000000000000000e+00
1.000000000000000021e-02 5.368242681081721881e-10 1.192216948232701794e-10 2.159434531202890724e-10
2.000000000000000042e-02 1.068554692654562769e-10 5.085337250826448031e-11 6.203165790973048802e-10
5.000000000000000278e-02 1.502067456893423556e-10 2.590024349559218465e-11 3.032408082158640309e-10
1.000000000000000056e-01 1.496244476179126653e-10 7.402691624131141484e-11 6.645664507596338885e-10
2.500000000000000000e-01 1.096053541913152725e-10 5.338513231868250790e-11 2.874343146770518344e-10
5.000000000000000000e-01 5.682141297586682996e-11 4.715198003614915550e-11 2.103809096953492221e-10
7.500000000000000000e-01 3.408995413501497347e-11 1.450298289826618424e-10 4.117069304303478910e-10
9.000000000000000222e-01 1.145351695358555422e-11 1.250077570671224569e-10 1.952293103917472676e-10
9.499999999999999556e-01 1.397866084803656627e-11 1.456386015068473344e-10 1.242763732011316054e-10
9.799999999999999822e-01 3.930973292936020273e-11 1.896113646011698121e-10 2.850544221027453387e-10
9.899999999999999911e-01 2.110440859605378518e-11 5.481604354771843358e-10 2.476258037609941591e-10
1.000000000000000000e+00 9.060178960967409858e-11 0.000000000000000000e+00 0.000000000000000000e+00
