0.000000000000000000e+00 0.000000000000000000e+00 1.716739762539310451e-09 0.000000000000000000e+00
1.000000000000000021e-02 1.762170975742051554e-09 1.698562085643190062e-09 1.735214287100007891e-09
2.000000000000000042e-02 1.705735597045048624e-09 1.685686537325055777e-09 1.658505680948005936e-09
5.000000000000000278e-02 1.713154740576411344e-09 1.662814690212738627e-09 1.687543105373020016e-09
1.000000000000000056e-01 1.635210264591729730e-09 1.643047425727553567e-09 1.600500315260485649e-09
2.500000000000000000e-01 1.567804911986690608e-09 1.560477429170213458e-09 1.493854878439338476e-09
5.000000000000000000e-01 1.426246302581506998e-09 1.423897401509487378e-09 1.468094535192997865e-09
7.500000000000000000e-01 1.276753537963393250e-09 1.274180796972218159e-09 1.271754496718236467e-09
9.000000000000000222e-01 1.205027309598783421e-09 1.191212132316592760e-09 1.168280614392874423e-09
9.499999999999999556e-01 1.177646731103161642e-09 1.183113063627720151e-09 1.171864965619627571e-09
9.799999999999999822e-01 1.154589284739329189e-09 1.158814885199309374e-09 1.180233075975412532e-09
9.899999999999999911e-01 1.159465122163149167e-09 1.136217434787775110e-09 1.171518129997990000e-09
1.000000000000000000e+00 1.150014535418045584e-09 0.000000000000000000e+00 0.000000000000000000e+00
