0.000000000000000000e+00 0.000000000000000000e+00 2.163440424790247064e-10 0.000000000000000000e+00
1.000000000000000021e-02 5.888069021967521356e-10 4.934991713965846700e-11 3.602548308808164313e-10
2.000000000000000042e-02 1.503773012327183097e-10 3.314917219830489716e-11 2.971847192559176795e-10
5.000000000000000278e-02 2.441385662837824642e-10 3.721100384948128291e-11 1.307887116112065534e-10
1.000000000000000056e-01 4.491641003129902850e-11 4.039749284658719758e-11 6.377751029724832850e-10
2.500000000000000000e-01 1.500456649475213742e-10 5.491532289087530681e-11 1.374934228548287945e-10
5.000000000000000000e-01 7.181058454803460448e-11 2.096665610149926972e-11 5.866351147434647258e-10
7.500000000000000000e-01 1.545587162043184477e-11 5.491007515237979928e-11 4.977920495219331637e-10
9.000000000000000222e-01 4.623825041678275614e-11 9.332515782995785372e-12 4.648000891571275907e-10
9.499999999999999556e-01 3.150442159662580839e-11 7.784855843550737678e-11 1.832524810967232546e-10
9.799999999999999822e-01 1.598529715071254069e-11 2.511109664691187223e-11 4.019391811806640741e-10
9.899999999999999911e-01 4.033995852253979124e-12 7.824734537422257094e-11 1.134366861029088787e-10
1.000000000000000000e+00 9.060178960967409858e-11 0.000000000000000000e+00 0.000000000000000000e+00
